[gd_scene load_steps=41 format=3 uid="uid://bqqgyqafm7xwp"]

[ext_resource type="Environment" uid="uid://bqnqgflivjvue" path="res://scenes/main-environment.tres" id="1_ahusb"]
[ext_resource type="Script" uid="uid://djpme521r3cxe" path="res://scripts/main.gd" id="1_jkv2x"]
[ext_resource type="PackedScene" uid="uid://bis0hgcd7hm7o" path="res://opject_new/banana.tscn" id="3_muem4"]
[ext_resource type="PackedScene" uid="uid://cx3olgl4rhjm0" path="res://MODEL03/enemy_ghost.tscn" id="4_kmb1v"]
[ext_resource type="Script" uid="uid://bcg2kkbsnttec" path="res://scripts/view.gd" id="5_bg0fr"]
[ext_resource type="PackedScene" uid="uid://dl817pjmvagl2" path="res://opject_new/pallet.tscn" id="6_0ld40"]
[ext_resource type="PackedScene" uid="uid://dfpisimsgf5ce" path="res://objects/coin.tscn" id="10_fwhys"]
[ext_resource type="Script" uid="uid://bap462su1xjtx" path="res://scripts/hud.gd" id="11_apvpm"]
[ext_resource type="PackedScene" uid="uid://dy017k58p20sk" path="res://objects/cloud.tscn" id="13_drtpy"]
[ext_resource type="PackedScene" uid="uid://cil8wxd3q37s" path="res://MODEL03/spider.tscn" id="14_dp3eg"]
[ext_resource type="PackedScene" uid="uid://ccqt3dosdpu5v" path="res://MODEL03/ghoooooost.tscn" id="15_0ld40"]
[ext_resource type="Texture2D" uid="uid://d0o5pixrf3dow" path="res://Peppermint_candy_peppermintCandyTxt-removebg-preview.png" id="15_kmb1v"]
[ext_resource type="PackedScene" uid="uid://6v0gynsi48ar" path="res://opject_new/box1.tscn" id="16_yc10j"]
[ext_resource type="PackedScene" uid="uid://bei232h00ticm" path="res://opject_new/pallet_broken.tscn" id="17_gqmmt"]
[ext_resource type="FontFile" uid="uid://d0cxd77jybrcn" path="res://fonts/lilita_one_regular.ttf" id="17_tk810"]
[ext_resource type="Script" uid="uid://ceoq0c4fbexua" path="res://scenes/game_over_ui.gd" id="18_fuf3a"]
[ext_resource type="PackedScene" uid="uid://bhle0vc4fh1ta" path="res://MODEL03/floor.tscn" id="18_yc10j"]
[ext_resource type="PackedScene" uid="uid://cj05p46fc4pi2" path="res://MODEL03/d_tree.tscn" id="19_jscy8"]
[ext_resource type="PackedScene" uid="uid://kf8w28c3kdav" path="res://opject_new/shipping_container.tscn" id="20_pm3ni"]
[ext_resource type="PackedScene" uid="uid://c5i410t3coqk3" path="res://MODEL03/fence.tscn" id="20_y6deb"]
[ext_resource type="PackedScene" uid="uid://64p213ufdph" path="res://MODEL03/cobweb.tscn" id="21_og1vs"]
[ext_resource type="PackedScene" uid="uid://cf0nnyhaxwjew" path="res://MODEL03/grave_1.tscn" id="22_jscy8"]
[ext_resource type="PackedScene" uid="uid://dnj8l5wj5gvdu" path="res://MODEL03/pumpkin_1.tscn" id="23_pm3ni"]
[ext_resource type="PackedScene" uid="uid://cnqg7sils4onc" path="res://MODEL-HALLOWEEN/Simple Candelabra.glb" id="24_og1vs"]
[ext_resource type="Script" uid="uid://b3w3ah03k8unp" path="res://scenes/WinPopup.gd" id="24_y6deb"]
[ext_resource type="PackedScene" uid="uid://d2vwmks2ywwu4" path="res://MODEL03/coffin.tscn" id="25_2wyq8"]
[ext_resource type="PackedScene" uid="uid://d3mvrs20xgfcg" path="res://MODEL03/coffin_(1).tscn" id="26_2wyq8"]
[ext_resource type="Script" uid="uid://c0vinqay1n2fy" path="res://MODEL03/floordrop.gd" id="26_vxglm"]
[ext_resource type="PackedScene" uid="uid://cxs3hmxw8cs7k" path="res://MODEL03/haunted_graveyard_2420.tscn" id="27_vxglm"]
[ext_resource type="PackedScene" uid="uid://bp402nacwwihq" path="res://MODEL03/creepy_horror_house_2419.tscn" id="28_2f3dj"]
[ext_resource type="PackedScene" uid="uid://c4qrmtump020m" path="res://MODEL03/cute_skeleton_mage_character_2439.tscn" id="29_tel4y"]
[ext_resource type="PackedScene" uid="uid://db52fy34krdj5" path="res://MODEL03/cute_grim_reaper_cat_3d_model_2477.tscn" id="30_qkpxi"]
[ext_resource type="PackedScene" uid="uid://1kdqnejey2yh" path="res://MODEL03/halloween_haunted_house_3d_model_2476.tscn" id="31_5q0nq"]
[ext_resource type="PackedScene" uid="uid://dj6aq5puye4ri" path="res://MODEL03/green_potion_boiling_2426.tscn" id="32_qkpxi"]
[ext_resource type="PackedScene" uid="uid://br66uhieswkg2" path="res://MODEL03/checkpoint.tscn" id="33_5q0nq"]
[ext_resource type="PackedScene" uid="uid://c6ucx63k4bxw0" path="res://opject_new/flag.tscn" id="34_dgi5k"]
[ext_resource type="PackedScene" uid="uid://c4xl7a8rojwsq" path="res://MODEL-HALLOWEEN/wooden_sign_-_baked_low_poly.glb" id="34_j8jky"]
[ext_resource type="FontFile" uid="uid://4miclt4i2532" path="res://Allura-Regular.ttf" id="38_c6pm6"]
[ext_resource type="AudioStream" uid="uid://cqicl7bba7pns" path="res://sounds/halloween-spooky-music-413648.mp3" id="39_c6pm6"]

[sub_resource type="LabelSettings" id="LabelSettings_38ys3"]
font = ExtResource("17_tk810")
font_size = 48
shadow_color = Color(0, 0, 0, 0.376471)
shadow_offset = Vector2(2, 2)

[node name="Main" type="Node3D"]
script = ExtResource("1_jkv2x")

[node name="Environment" type="WorldEnvironment" parent="."]
environment = ExtResource("1_ahusb")

[node name="Banana" parent="." groups=["Player"] instance=ExtResource("3_muem4")]
transform = Transform3D(0.999888, -0.0118331, -0.00910985, 0.0118326, 0.99993, -0.000107805, 0.00911049, 0, 0.999959, 0.505208, 0.465214, 0.659113)

[node name="BGM" type="AudioStreamPlayer" parent="."]
stream = ExtResource("39_c6pm6")
volume_db = -10.666
autoplay = true

[node name="Ghost" type="Node3D" parent="."]

[node name="Enemy_Ghost" parent="Ghost" instance=ExtResource("4_kmb1v")]
transform = Transform3D(1, 0, 0, 0, 1, 0, 0, 0, 1, -20.3512, 5.56924, -0.31596)

[node name="Enemy_Ghost8" parent="Ghost" instance=ExtResource("4_kmb1v")]
transform = Transform3D(1, 0, 0, 0, 1, 0, 0, 0, 1, -20.3512, 9.07869, -8.71581)

[node name="Enemy_Ghost9" parent="Ghost" instance=ExtResource("4_kmb1v")]
transform = Transform3D(0.988391, -0.151934, 0, 0.151934, 0.988391, 0, 0, 0, 1, -21.9795, 8.80322, -9.50663)

[node name="Enemy_Ghost6" parent="Ghost" instance=ExtResource("4_kmb1v")]
transform = Transform3D(1, 0, 0, 0, 1, 0, 0, 0, 1, -21.1288, 5.56924, 6.65411)

[node name="Enemy_Ghost7" parent="Ghost" instance=ExtResource("4_kmb1v")]
transform = Transform3D(-0.999972, 0, 0.00745257, 0, 1, 0, -0.00745257, 0, -0.999972, -0.360046, 3.59568, 16.8804)

[node name="Enemy_Ghost2" parent="Ghost" instance=ExtResource("4_kmb1v")]
transform = Transform3D(-0.333149, 0, 0.942874, 0, 1, 0, -0.942874, 0, -0.333149, -75.9777, 20.2249, 7.10328)

[node name="Enemy_Ghost3" parent="Ghost" instance=ExtResource("4_kmb1v")]
transform = Transform3D(-0.612893, 0, -0.790166, 0, 1, 0, 0.790166, 0, -0.612893, -69.3253, 20.2249, 6.67451)

[node name="Enemy_Ghost10" parent="Ghost" instance=ExtResource("4_kmb1v")]
transform = Transform3D(-0.900227, 0, -0.43542, 0, 1, 0, 0.43542, 0, -0.900227, -69.3253, 19.7712, 1.39889)

[node name="Enemy_Ghost11" parent="Ghost" instance=ExtResource("4_kmb1v")]
transform = Transform3D(-0.999936, 0, -0.011275, 0, 1, 0, 0.011275, 0, -0.999936, -70.543, 19.6616, 1.39889)

[node name="Enemy_Ghost12" parent="Ghost" instance=ExtResource("4_kmb1v")]
transform = Transform3D(-0.999936, 0, -0.011275, 0, 1, 0, 0.011275, 0, -0.999936, -71.8296, 19.5887, 1.39889)

[node name="Enemy_Ghost13" parent="Ghost" instance=ExtResource("4_kmb1v")]
transform = Transform3D(-0.999936, 0, -0.011275, 0, 1, 0, 0.011275, 0, -0.999936, -72.7506, 19.6366, 1.39889)

[node name="Enemy_Ghost14" parent="Ghost" instance=ExtResource("4_kmb1v")]
transform = Transform3D(-0.868856, 0, 0.495064, 0, 1, 0, -0.495064, 0, -0.868856, -71.1467, 19.7482, 0.325765)

[node name="Enemy_Ghost15" parent="Ghost" instance=ExtResource("4_kmb1v")]
transform = Transform3D(0.153744, 0, 0.988111, 0, 1, 0, -0.988111, 0, 0.153744, -62.9468, 17.4574, -5.15587)

[node name="Enemy_Ghost4" parent="Ghost" instance=ExtResource("4_kmb1v")]
transform = Transform3D(-0.682713, 0, 0.730687, 0, 1, 0, -0.730687, 0, -0.682713, -79.7716, 20.2249, 7.74723)

[node name="Enemy_Ghost5" parent="Ghost" instance=ExtResource("4_kmb1v")]
transform = Transform3D(0.54911, 0, 0.83575, 0, 1, 0, -0.83575, 0, 0.54911, -21.0863, 5.25337, 12.2758)

[node name="View" type="Node3D" parent="." node_paths=PackedStringArray("target") groups=["Player"]]
transform = Transform3D(0.707107, -0.298836, 0.640856, 0, 0.906308, 0.422618, -0.707107, -0.298836, 0.640856, 0, 0, 0)
script = ExtResource("5_bg0fr")
target = NodePath("../Banana")

[node name="World" type="Node3D" parent="."]

[node name="coin15" parent="World" groups=["coin"] instance=ExtResource("10_fwhys")]
transform = Transform3D(1, 0, 0, 0, 0.863043, 0.50513, 0, -0.50513, 0.863043, -0.373541, 4.33771, 16.9616)

[node name="coin16" parent="World" groups=["coin"] instance=ExtResource("10_fwhys")]
transform = Transform3D(1, 0, 0, 0, 0.863043, 0.50513, 0, -0.50513, 0.863043, -0.373541, 4.28052, 16.369)

[node name="coin17" parent="World" groups=["coin"] instance=ExtResource("10_fwhys")]
transform = Transform3D(1, 0, 0, 0, 0.863043, 0.50513, 0, -0.50513, 0.863043, -0.373541, 4.33822, 15.7032)

[node name="coin24" parent="World" groups=["coin"] instance=ExtResource("10_fwhys")]
transform = Transform3D(0.0745673, -0.639287, 0.765344, 0.012485, 0.768019, 0.640305, -0.997138, -0.0381905, 0.0652506, -19.8907, 5.42138, 16.3913)

[node name="coin25" parent="World" groups=["coin"] instance=ExtResource("10_fwhys")]
transform = Transform3D(0.0745673, -0.639287, 0.765344, 0.012485, 0.768019, 0.640305, -0.997138, -0.0381905, 0.0652506, -20.4641, 5.26739, 16.3465)

[node name="coin26" parent="World" groups=["coin"] instance=ExtResource("10_fwhys")]
transform = Transform3D(0.0745673, -0.639287, 0.765344, 0.012485, 0.768019, 0.640305, -0.997138, -0.0381905, 0.0652506, -21.1283, 5.21467, 16.2961)

[node name="coin27" parent="World" groups=["coin"] instance=ExtResource("10_fwhys")]
transform = Transform3D(0.999812, -7.00468e-05, -0.0194109, 0.000921547, 0.999037, 0.0438651, 0.0193891, -0.0438746, 0.998849, -20.2756, 5.02985, 12.3716)

[node name="coin30" parent="World" groups=["coin"] instance=ExtResource("10_fwhys")]
transform = Transform3D(0.999812, -7.00468e-05, -0.0194109, 0.000921547, 0.999037, 0.0438651, 0.0193891, -0.0438746, 0.998849, -20.2756, 7.86026, 4.95235)

[node name="coin31" parent="World" groups=["coin"] instance=ExtResource("10_fwhys")]
transform = Transform3D(0.999812, -7.00468e-05, -0.0194109, 0.000921547, 0.999037, 0.0438651, 0.0193891, -0.0438746, 0.998849, -20.2756, 8.2201, -2.56287)

[node name="coin32" parent="World" groups=["coin"] instance=ExtResource("10_fwhys")]
transform = Transform3D(0.999812, -7.00468e-05, -0.0194109, 0.000921547, 0.999037, 0.0438651, 0.0193891, -0.0438746, 0.998849, -19.1729, 8.2201, -2.56287)

[node name="coin33" parent="World" groups=["coin"] instance=ExtResource("10_fwhys")]
transform = Transform3D(0.999812, -7.00468e-05, -0.0194109, 0.000921547, 0.999037, 0.0438651, 0.0193891, -0.0438746, 0.998849, -21.4494, 8.2201, -2.56287)

[node name="coin34" parent="World" groups=["coin"] instance=ExtResource("10_fwhys")]
transform = Transform3D(0.0478913, 0.0437706, -0.997893, 0.000921547, 0.999037, 0.0438651, 0.998852, -0.00302042, 0.0478048, -20.4775, 10.9334, -8.74007)

[node name="coin35" parent="World" groups=["coin"] instance=ExtResource("10_fwhys")]
transform = Transform3D(0.0478913, 0.0437706, -0.997893, 0.000921547, 0.999037, 0.0438651, 0.998852, -0.00302042, 0.0478048, -21.6038, 10.9334, -8.74007)

[node name="coin36" parent="World" groups=["coin"] instance=ExtResource("10_fwhys")]
transform = Transform3D(0.0478913, 0.0437706, -0.997893, 0.000921547, 0.999037, 0.0438651, 0.998852, -0.00302042, 0.0478048, -19.3618, 10.9334, -8.74007)

[node name="coin37" parent="World" groups=["coin"] instance=ExtResource("10_fwhys")]
transform = Transform3D(0.0478913, 0.0437706, -0.997893, 0.000921547, 0.999037, 0.0438651, 0.998852, -0.00302042, 0.0478048, -26.3885, 12.3492, -14.7879)

[node name="coin38" parent="World" groups=["coin"] instance=ExtResource("10_fwhys")]
transform = Transform3D(0.0478913, 0.0437706, -0.997893, 0.000921547, 0.999037, 0.0438651, 0.998852, -0.00302042, 0.0478048, -25.2697, 12.3492, -14.7879)

[node name="coin39" parent="World" groups=["coin"] instance=ExtResource("10_fwhys")]
transform = Transform3D(0.0478913, 0.0437706, -0.997893, 0.000921547, 0.999037, 0.0438651, 0.998852, -0.00302042, 0.0478048, -24.0556, 12.3492, -14.7879)

[node name="coin40" parent="World" groups=["coin"] instance=ExtResource("10_fwhys")]
transform = Transform3D(0.929828, 0.015286, -0.367678, 0.000921547, 0.999037, 0.0438651, 0.367994, -0.0411257, 0.928918, -29.9443, 13.172, -14.7879)

[node name="coin41" parent="World" groups=["coin"] instance=ExtResource("10_fwhys")]
transform = Transform3D(0.929828, 0.015286, -0.367678, 0.000921547, 0.999037, 0.0438651, 0.367994, -0.0411257, 0.928918, -29.9443, 13.172, -11.7447)

[node name="coin42" parent="World" groups=["coin"] instance=ExtResource("10_fwhys")]
transform = Transform3D(0.929828, 0.015286, -0.367678, 0.000921547, 0.999037, 0.0438651, 0.367994, -0.0411257, 0.928918, -37.004, 13.6883, -10.9001)

[node name="coin43" parent="World" groups=["coin"] instance=ExtResource("10_fwhys")]
transform = Transform3D(0.993252, -0.00600188, 0.115826, 0.000921547, 0.999037, 0.0438651, -0.115978, -0.0434622, 0.992301, -47.0231, 14.2043, -9.12985)

[node name="coin44" parent="World" groups=["coin"] instance=ExtResource("10_fwhys")]
transform = Transform3D(0.993252, -0.00600188, 0.115826, 0.000921547, 0.999037, 0.0438651, -0.115978, -0.0434622, 0.992301, -47.0231, 14.2043, -8.54105)

[node name="coin45" parent="World" groups=["coin"] instance=ExtResource("10_fwhys")]
transform = Transform3D(0.993252, -0.00600188, 0.115826, 0.000921547, 0.999037, 0.0438651, -0.115978, -0.0434622, 0.992301, -47.0231, 14.2043, -9.77684)

[node name="coin46" parent="World" groups=["coin"] instance=ExtResource("10_fwhys")]
transform = Transform3D(0.993252, -0.00600188, 0.115826, 0.000921547, 0.999037, 0.0438651, -0.115978, -0.0434622, 0.992301, -52.2433, 16.3747, -10.1969)

[node name="coin47" parent="World" groups=["coin"] instance=ExtResource("10_fwhys")]
transform = Transform3D(0.993252, -0.00600188, 0.115826, 0.000921547, 0.999037, 0.0438651, -0.115978, -0.0434622, 0.992301, -52.2433, 16.3747, -10.8815)

[node name="coin48" parent="World" groups=["coin"] instance=ExtResource("10_fwhys")]
transform = Transform3D(0.993252, -0.00600188, 0.115826, 0.000921547, 0.999037, 0.0438651, -0.115978, -0.0434622, 0.992301, -52.2433, 16.3747, -11.6249)

[node name="coin49" parent="World" groups=["coin"] instance=ExtResource("10_fwhys")]
transform = Transform3D(0.993252, -0.00600188, 0.115826, 0.000921547, 0.999037, 0.0438651, -0.115978, -0.0434622, 0.992301, -56.5102, 16.3747, -11.6249)

[node name="coin50" parent="World" groups=["coin"] instance=ExtResource("10_fwhys")]
transform = Transform3D(0.993252, -0.00600188, 0.115826, 0.000921547, 0.999037, 0.0438651, -0.115978, -0.0434622, 0.992301, -56.4223, 16.3747, -10.6762)

[node name="coin51" parent="World" groups=["coin"] instance=ExtResource("10_fwhys")]
transform = Transform3D(0.993252, -0.00600188, 0.115826, 0.000921547, 0.999037, 0.0438651, -0.115978, -0.0434622, 0.992301, -54.2815, 16.8069, -10.5722)

[node name="coin52" parent="World" groups=["coin"] instance=ExtResource("10_fwhys")]
transform = Transform3D(0.993252, -0.00600188, 0.115826, 0.000921547, 0.999037, 0.0438651, -0.115978, -0.0434622, 0.992301, -56.4823, 16.3747, -9.83072)

[node name="coin53" parent="World" groups=["coin"] instance=ExtResource("10_fwhys")]
transform = Transform3D(0.993252, -0.00600188, 0.115826, 0.000921547, 0.999037, 0.0438651, -0.115978, -0.0434622, 0.992301, -61.0925, 18.2628, -4.87496)

[node name="coin54" parent="World" groups=["coin"] instance=ExtResource("10_fwhys")]
transform = Transform3D(0.993252, -0.00600188, 0.115826, 0.000921547, 0.999037, 0.0438651, -0.115978, -0.0434622, 0.992301, -61.5924, 18.2628, -4.87496)

[node name="coin55" parent="World" groups=["coin"] instance=ExtResource("10_fwhys")]
transform = Transform3D(0.993252, -0.00600188, 0.115826, 0.000921547, 0.999037, 0.0438651, -0.115978, -0.0434622, 0.992301, -62.0945, 18.2628, -4.87496)

[node name="coin56" parent="World" groups=["coin"] instance=ExtResource("10_fwhys")]
transform = Transform3D(0.993252, -0.00600188, 0.115826, 0.000921547, 0.999037, 0.0438651, -0.115978, -0.0434622, 0.992301, -60.5748, 18.2628, -4.87496)

[node name="coin57" parent="World" groups=["coin"] instance=ExtResource("10_fwhys")]
transform = Transform3D(0.993252, -0.00600188, 0.115826, 0.000921547, 0.999037, 0.0438651, -0.115978, -0.0434622, 0.992301, -60.5748, 18.2628, -4.87496)

[node name="coin58" parent="World" groups=["coin"] instance=ExtResource("10_fwhys")]
transform = Transform3D(0.993252, -0.00600188, 0.115826, 0.000921547, 0.999037, 0.0438651, -0.115978, -0.0434622, 0.992301, -67.4078, 19.7877, -2.99498)

[node name="coin59" parent="World" groups=["coin"] instance=ExtResource("10_fwhys")]
transform = Transform3D(-7.61739e-05, -0.0436193, 0.999048, 0.00174367, 0.999047, 0.0436194, -0.999999, 0.00174533, -4.36698e-08, -69.5356, 21.6991, 3.98708)

[node name="coin60" parent="World" groups=["coin"] instance=ExtResource("10_fwhys")]
transform = Transform3D(-7.61739e-05, -0.0436193, 0.999048, 0.00174367, 0.999047, 0.0436194, -0.999999, 0.00174533, -4.36698e-08, -70.0947, 21.6991, 3.98708)

[node name="coin61" parent="World" groups=["coin"] instance=ExtResource("10_fwhys")]
transform = Transform3D(-7.61739e-05, -0.0436193, 0.999048, 0.00174367, 0.999047, 0.0436194, -0.999999, 0.00174533, -4.36698e-08, -70.7039, 21.6991, 3.98708)

[node name="coin62" parent="World" groups=["coin"] instance=ExtResource("10_fwhys")]
transform = Transform3D(-7.61739e-05, -0.0436193, 0.999048, 0.00174367, 0.999047, 0.0436194, -0.999999, 0.00174533, -4.36698e-08, -71.4027, 21.6991, 3.98708)

[node name="coin63" parent="World" groups=["coin"] instance=ExtResource("10_fwhys")]
transform = Transform3D(-7.61739e-05, -0.0436193, 0.999048, 0.00174367, 0.999047, 0.0436194, -0.999999, 0.00174533, -4.36698e-08, -72.0594, 21.6991, 3.98708)

[node name="coin64" parent="World" groups=["coin"] instance=ExtResource("10_fwhys")]
transform = Transform3D(-7.61739e-05, -0.0436193, 0.999048, 0.00174367, 0.999047, 0.0436194, -0.999999, 0.00174533, -4.36698e-08, -72.0594, 21.6991, 3.98708)

[node name="coin65" parent="World" groups=["coin"] instance=ExtResource("10_fwhys")]
transform = Transform3D(-7.61739e-05, -0.0436193, 0.999048, 0.00174367, 0.999047, 0.0436194, -0.999999, 0.00174533, -4.36698e-08, -74.9601, 21.6991, 15.5845)

[node name="coin66" parent="World" groups=["coin"] instance=ExtResource("10_fwhys")]
transform = Transform3D(-7.61739e-05, -0.0436193, 0.999048, 0.00174367, 0.999047, 0.0436194, -0.999999, 0.00174533, -4.36698e-08, -72.9843, 21.6991, 15.5845)

[node name="coin67" parent="World" groups=["coin"] instance=ExtResource("10_fwhys")]
transform = Transform3D(-7.61739e-05, -0.0436193, 0.999048, 0.00174367, 0.999047, 0.0436194, -0.999999, 0.00174533, -4.36698e-08, -77.1232, 21.6991, 15.5845)

[node name="coin68" parent="World" groups=["coin"] instance=ExtResource("10_fwhys")]
transform = Transform3D(-7.61739e-05, -0.0436193, 0.999048, 0.00174367, 0.999047, 0.0436194, -0.999999, 0.00174533, -4.36698e-08, -77.1232, 21.6991, 16.2674)

[node name="coin69" parent="World" groups=["coin"] instance=ExtResource("10_fwhys")]
transform = Transform3D(0.999999, -0.00174533, 0, 0.00174367, 0.999047, 0.0436194, -7.61302e-05, -0.0436193, 0.999048, -82.2636, 20.9689, 8.4059)

[node name="coin70" parent="World" groups=["coin"] instance=ExtResource("10_fwhys")]
transform = Transform3D(0.999999, -0.00174533, 0, 0.00174367, 0.999047, 0.0436194, -7.61302e-05, -0.0436193, 0.999048, -82.2636, 20.9689, 9.21382)

[node name="coin71" parent="World" groups=["coin"] instance=ExtResource("10_fwhys")]
transform = Transform3D(0.999999, -0.00174533, 0, 0.00174367, 0.999047, 0.0436194, -7.61302e-05, -0.0436193, 0.999048, -82.2636, 20.9689, 7.5159)

[node name="coin72" parent="World" groups=["coin"] instance=ExtResource("10_fwhys")]
transform = Transform3D(0.999999, -0.00174533, 0, 0.00174367, 0.999047, 0.0436194, -7.61302e-05, -0.0436193, 0.999048, -82.2636, 20.9689, 6.76375)

[node name="coin73" parent="World" groups=["coin"] instance=ExtResource("10_fwhys")]
transform = Transform3D(0.999999, -0.00174533, 0, 0.00174367, 0.999047, 0.0436194, -7.61302e-05, -0.0436193, 0.999048, -82.2636, 20.9689, 5.99433)

[node name="coin74" parent="World" groups=["coin"] instance=ExtResource("10_fwhys")]
transform = Transform3D(0.999999, -0.00174533, 0, 0.00174367, 0.999047, 0.0436194, -7.61302e-05, -0.0436193, 0.999048, -82.2636, 20.9689, 5.99433)

[node name="coin28" parent="World" groups=["coin"] instance=ExtResource("10_fwhys")]
transform = Transform3D(0.999812, -7.00468e-05, -0.0194109, 0.000921547, 0.999037, 0.0438651, 0.0193891, -0.0438746, 0.998849, -20.2651, 5.25591, 11.8209)

[node name="coin29" parent="World" groups=["coin"] instance=ExtResource("10_fwhys")]
transform = Transform3D(0.999812, -7.00468e-05, -0.0194109, 0.000921547, 0.999037, 0.0438651, 0.0193891, -0.0438746, 0.998849, -20.2545, 5.61769, 11.2592)

[node name="coin18" parent="World" groups=["coin"] instance=ExtResource("10_fwhys")]
transform = Transform3D(1, 0, 0, 0, 0.863043, 0.50513, 0, -0.50513, 0.863043, -0.373541, 4.29428, 15.0772)

[node name="coin19" parent="World" groups=["coin"] instance=ExtResource("10_fwhys")]
transform = Transform3D(1, 0, 0, 0, 0.863043, 0.50513, 0, -0.50513, 0.863043, -0.373541, 4.14178, 14.3673)

[node name="coin20" parent="World" groups=["coin"] instance=ExtResource("10_fwhys")]
transform = Transform3D(1, 0, 0, 0, 0.863043, 0.50513, 0, -0.50513, 0.863043, -0.373541, 4.13985, 13.6921)

[node name="coin21" parent="World" groups=["coin"] instance=ExtResource("10_fwhys")]
transform = Transform3D(1, 0, 0, 0, 0.863043, 0.50513, 0, -0.50513, 0.863043, -0.373541, 3.74202, 13.0124)

[node name="coin22" parent="World" groups=["coin"] instance=ExtResource("10_fwhys")]
transform = Transform3D(1, 0, 0, 0, 0.863043, 0.50513, 0, -0.50513, 0.863043, -0.373541, 3.34028, 12.326)

[node name="coin23" parent="World" groups=["coin"] instance=ExtResource("10_fwhys")]
transform = Transform3D(1, 0, 0, 0, 0.863043, 0.50513, 0, -0.50513, 0.863043, -0.373541, 2.9747, 11.7014)

[node name="cube12" parent="World" instance=ExtResource("13_drtpy")]
transform = Transform3D(-1.02876, -0.695523, 0.652886, -0.929853, 0.945557, -0.457881, -0.213027, -0.768461, -1.15432, -0.862704, 3.30463, 14.3365)

[node name="cube13" parent="World" instance=ExtResource("13_drtpy")]
transform = Transform3D(-1.02876, -0.695523, 0.652886, -0.929853, 0.945557, -0.457881, -0.213027, -0.768461, -1.15432, 1.58234, 4.08741, 16.6363)

[node name="cube14" parent="World" instance=ExtResource("13_drtpy")]
transform = Transform3D(-1.02876, -0.695523, 0.652886, -0.929853, 0.945557, -0.457881, -0.213027, -0.768461, -1.15432, -15.5887, 3.37254, 17.4376)

[node name="cube15" parent="World" instance=ExtResource("13_drtpy")]
transform = Transform3D(-1.02876, -0.695523, 0.652886, -0.929853, 0.945557, -0.457881, -0.213027, -0.768461, -1.15432, -22.2478, 6.73945, 17.4376)

[node name="Root Scene" parent="World" instance=ExtResource("16_yc10j")]
transform = Transform3D(0.555479, 0.748008, 0.363219, 0.101989, 0.372222, -0.922523, -0.825252, 0.549487, 0.130473, 7.29035, -0.324696, 1.77014)

[node name="Pallet_Broken" parent="World" instance=ExtResource("17_gqmmt")]
transform = Transform3D(0.0141262, -0.038475, 0.99916, 0.00054391, 0.99926, 0.0384712, -0.9999, 0, 0.0141367, -4.06415, 2.749, 14.7692)

[node name="Pallet_Broken10" parent="World" instance=ExtResource("17_gqmmt")]
transform = Transform3D(0.0141262, -0.038475, 0.99916, 0.00054391, 0.99926, 0.0384712, -0.9999, 0, 0.0141367, -4.06415, 2.749, 16.4495)

[node name="Pallet_Broken6" parent="World" instance=ExtResource("17_gqmmt")]
transform = Transform3D(0.0141262, -0.038475, 0.99916, 0.00054391, 0.99926, 0.0384712, -0.9999, 0, 0.0141367, -4.06415, 2.749, 13.0069)

[node name="Pallet_Broken2" parent="World" instance=ExtResource("17_gqmmt")]
transform = Transform3D(0.0141262, -0.038475, 0.99916, 0.00054391, 0.99926, 0.0384712, -0.9999, 0, 0.0141367, -7.19584, 2.77372, 13.0191)

[node name="Pallet_Broken7" parent="World" instance=ExtResource("17_gqmmt")]
transform = Transform3D(0.0141262, -0.038475, 0.99916, 0.00054391, 0.99926, 0.0384712, -0.9999, 0, 0.0141367, -7.19584, 2.77372, 16.3657)

[node name="Pallet_Broken9" parent="World" instance=ExtResource("17_gqmmt")]
transform = Transform3D(0.0141262, -0.038475, 0.99916, 0.00054391, 0.99926, 0.0384712, -0.9999, 0, 0.0141367, -7.19584, 2.77372, 17.7804)

[node name="Pallet_Broken11" parent="World" instance=ExtResource("17_gqmmt")]
transform = Transform3D(0.0141262, -0.038475, 0.99916, 0.00054391, 0.99926, 0.0384712, -0.9999, 0, 0.0141367, -9.73351, 2.77372, 17.7804)

[node name="Pallet_Broken3" parent="World" instance=ExtResource("17_gqmmt")]
transform = Transform3D(0.0141262, -0.038475, 0.99916, 0.00054391, 0.99926, 0.0384712, -0.9999, 0, 0.0141367, -10.0282, 2.77372, 14.6042)

[node name="Pallet_Broken5" parent="World" instance=ExtResource("17_gqmmt")]
transform = Transform3D(0.0141262, -0.038475, 0.99916, 0.00054391, 0.99926, 0.0384712, -0.9999, 0, 0.0141367, -10.0282, 2.77372, 13.0313)

[node name="Pallet_Broken4" parent="World" instance=ExtResource("17_gqmmt")]
transform = Transform3D(0.0141262, -0.038475, 0.99916, 0.00054391, 0.99926, 0.0384712, -0.9999, 0, 0.0141367, -12.2347, 2.99073, 15.9857)

[node name="Pallet_Broken12" parent="World" instance=ExtResource("17_gqmmt")]
transform = Transform3D(0.0141262, -0.038475, 0.99916, 0.00054391, 0.99926, 0.0384712, -0.9999, 0, 0.0141367, -12.2347, 2.99073, 17.6102)

[node name="Pallet_Broken8" parent="World" instance=ExtResource("17_gqmmt")]
transform = Transform3D(0.0141262, -0.038475, 0.99916, 0.00054391, 0.99926, 0.0384712, -0.9999, 0, 0.0141367, -12.2347, 2.99073, 14.4488)

[node name="Pallet_Broken13" parent="World" instance=ExtResource("17_gqmmt")]
transform = Transform3D(0.0141262, -0.038475, 0.99916, 0.00054391, 0.99926, 0.0384712, -0.9999, 0, 0.0141367, -15.0626, 2.99073, 14.4488)

[node name="Pallet_Broken14" parent="World" instance=ExtResource("17_gqmmt")]
transform = Transform3D(0.0141262, -0.038475, 0.99916, 0.00054391, 0.99926, 0.0384712, -0.9999, 0, 0.0141367, -15.0874, 2.99073, 15.8546)

[node name="Pallet_Broken15" parent="World" instance=ExtResource("17_gqmmt")]
transform = Transform3D(0.0141262, -0.038475, 0.99916, 0.00054391, 0.99926, 0.0384712, -0.9999, 0, 0.0141367, -15.0626, 2.99073, 17.5637)

[node name="Pallet_Broken16" parent="World" instance=ExtResource("17_gqmmt")]
transform = Transform3D(0.0141262, -0.038475, 0.99916, 0.00054391, 0.99926, 0.0384712, -0.9999, 0, 0.0141367, -17.2775, 2.99073, 17.5637)

[node name="Pallet_Broken17" parent="World" instance=ExtResource("17_gqmmt")]
transform = Transform3D(0.0141262, -0.038475, 0.99916, 0.00054391, 0.99926, 0.0384712, -0.9999, 0, 0.0141367, -17.2775, 2.99073, 15.9478)

[node name="Pallet_Broken18" parent="World" instance=ExtResource("17_gqmmt")]
transform = Transform3D(0.0141262, -0.038475, 0.99916, 0.00054391, 0.99926, 0.0384712, -0.9999, 0, 0.0141367, -17.2775, 2.99073, 14.5373)

[node name="Pallet" parent="World" instance=ExtResource("6_0ld40")]
transform = Transform3D(1, 0, 0, 0, 1, 0, 0, 0, 1, 0.451592, 0.379087, 4.55488)

[node name="Pallet2" parent="World" instance=ExtResource("6_0ld40")]
transform = Transform3D(1, 0, 0, 0, 1, 0, 0, 0, 1, -1.18906, 0.379087, 4.55488)

[node name="Pallet3" parent="World" instance=ExtResource("6_0ld40")]
transform = Transform3D(1, 0, 0, 0, 1, 0, 0, 0, 1, -0.447643, 0.379087, 6.30169)

[node name="Pallet4" parent="World" instance=ExtResource("6_0ld40")]
transform = Transform3D(1, 0, 0, 0, 0.885702, 0.464255, 0, -0.464255, 0.885702, -0.447643, 0.66205, 8.56279)

[node name="Pallet5" parent="World" instance=ExtResource("6_0ld40")]
transform = Transform3D(1, 0, 0, 0, 0.885702, 0.464255, 0, -0.464255, 0.885702, -0.447643, 1.81018, 10.826)

[node name="Pallet8" parent="World" instance=ExtResource("6_0ld40")]
transform = Transform3D(-0.0647413, -0.0347566, -0.997297, 0, 0.999393, -0.0348297, 0.997902, -0.00225492, -0.064702, -4.06482, 2.73734, 17.9475)

[node name="Pallet12" parent="World" instance=ExtResource("6_0ld40")]
transform = Transform3D(-0.0647413, -0.0347566, -0.997297, 0, 0.999393, -0.0348297, 0.997902, -0.00225492, -0.064702, -9.97986, 2.73734, 16.159)

[node name="Pallet13" parent="World" instance=ExtResource("6_0ld40")]
transform = Transform3D(-0.0647413, -0.0347566, -0.997297, 0, 0.999393, -0.0348297, 0.997902, -0.00225492, -0.064702, -12.2521, 2.95923, 13.1026)

[node name="Pallet14" parent="World" instance=ExtResource("6_0ld40")]
transform = Transform3D(-0.0647413, -0.0347566, -0.997297, 0, 0.999393, -0.0348297, 0.997902, -0.00225492, -0.064702, -14.9495, 2.95923, 13.1026)

[node name="Pallet15" parent="World" instance=ExtResource("6_0ld40")]
transform = Transform3D(-0.0647413, -0.0347566, -0.997297, 0, 0.999393, -0.0348297, 0.997902, -0.00225492, -0.064702, -17.3702, 2.95923, 13.1026)

[node name="Pallet10" parent="World" instance=ExtResource("6_0ld40")]
transform = Transform3D(-0.0647413, -0.0347566, -0.997297, 0, 0.999393, -0.0348297, 0.997902, -0.00225492, -0.064702, -7.25174, 2.73734, 14.7652)

[node name="ShippingContainer" parent="World" instance=ExtResource("20_pm3ni")]
transform = Transform3D(1, 0, 0, 0, 1, 0, 0, 0, 1, -0.145834, 0.543479, -4.99414)

[node name="spider" parent="World" instance=ExtResource("14_dp3eg")]
transform = Transform3D(1, 0, 0, 0, 0.997498, 0.0706966, 0, -0.0706966, 0.997498, -0.138813, 3.63451, -4.55982)

[node name="Ghoooooost" parent="World" instance=ExtResource("15_0ld40")]
transform = Transform3D(0.707107, 0, 0.707107, 0, 1, 0, -0.707107, 0, 0.707107, -2, 1.59251, -1)

[node name="cube" parent="World" instance=ExtResource("13_drtpy")]
transform = Transform3D(1, 0, 0, 0, 1, 0, 0, 0, 1, -3.00711, 3.68352, 15.9013)

[node name="cube2" parent="World" instance=ExtResource("13_drtpy")]
transform = Transform3D(1.92504, 0.602307, -0.244365, -0.701797, 1.65213, -0.670294, 0, 0.820264, 1.52951, -11.848, 3.03572, 15.6826)

[node name="cube3" parent="World" instance=ExtResource("13_drtpy")]
transform = Transform3D(1.92504, 0.602307, -0.244365, -0.701797, 1.65213, -0.670294, 0, 0.820264, 1.52951, -17.1275, 3.03572, 17.3844)

[node name="cube4" parent="World" instance=ExtResource("13_drtpy")]
transform = Transform3D(1.92504, 0.602307, -0.244365, -0.701797, 1.65213, -0.670294, 0, 0.820264, 1.52951, -23.3161, 6.24282, 15.1875)

[node name="Sun" type="DirectionalLight3D" parent="."]
transform = Transform3D(-0.782803, -0.475797, 0.401044, 0.000691394, 0.643821, 0.765176, -0.622269, 0.599259, -0.503657, 0, 7.0802, 0)
shadow_enabled = true
shadow_opacity = 0.75

[node name="HUD" type="Control" parent="."]
layout_mode = 3
anchors_preset = 13
anchor_left = 0.5
anchor_right = 0.5
anchor_bottom = 1.0
offset_left = -640.0
offset_right = 640.0
grow_horizontal = 2
grow_vertical = 2
size_flags_horizontal = 8
size_flags_vertical = 8
script = ExtResource("11_apvpm")

[node name="Icon" type="TextureRect" parent="HUD"]
layout_mode = 0
offset_left = 57.0
offset_top = 67.0
offset_right = 2105.0
offset_bottom = 2115.0
scale = Vector2(0.0277707, 0.026457)
texture = ExtResource("15_kmb1v")

[node name="x" type="Label" parent="HUD"]
layout_mode = 0
offset_left = 112.0
offset_top = 64.0
offset_right = 144.0
offset_bottom = 123.0
text = "×"
label_settings = SubResource("LabelSettings_38ys3")
metadata/_edit_use_anchors_ = true

[node name="Coins" type="Label" parent="HUD"]
layout_mode = 0
offset_left = 144.0
offset_top = 64.0
offset_right = 368.0
offset_bottom = 123.0
text = "0"
label_settings = SubResource("LabelSettings_38ys3")
metadata/_edit_use_anchors_ = true

[node name="TimeLabel" type="Label" parent="HUD"]
unique_name_in_owner = true
layout_mode = 0
offset_left = 642.0
offset_right = 891.0
offset_bottom = 50.0
theme_override_fonts/font = ExtResource("38_c6pm6")
theme_override_font_sizes/font_size = 40

[node name="MessageLabel" type="Label" parent="HUD"]
unique_name_in_owner = true
layout_mode = 1
anchors_preset = 8
anchor_left = 0.5
anchor_top = 0.5
anchor_right = 0.5
anchor_bottom = 0.5
offset_left = -128.0
offset_top = -124.0
offset_right = 374.0
offset_bottom = -25.0
grow_horizontal = 2
grow_vertical = 2
theme_override_font_sizes/font_size = 50
text = "Find the flag to win..."
horizontal_alignment = 1
vertical_alignment = 1

[node name="Control" type="Control" parent="."]
visible = false
layout_mode = 3
anchors_preset = 13
anchor_left = 0.5
anchor_right = 0.5
anchor_bottom = 1.0
offset_left = -640.0
offset_right = 640.0
grow_horizontal = 2
grow_vertical = 2
size_flags_horizontal = 8
size_flags_vertical = 8
script = ExtResource("11_apvpm")

[node name="SettingsButton" type="Button" parent="Control"]
unique_name_in_owner = true
layout_mode = 0
offset_left = 571.0
offset_top = 407.0
offset_right = 736.0
offset_bottom = 478.0
theme_override_font_sizes/font_size = 45
text = "Settings"

[node name="SettingsWindow" type="Window" parent="Control"]
unique_name_in_owner = true
visible = false

[node name="VBoxContainer2" type="Panel" parent="Control"]
layout_mode = 0
offset_right = 1284.0
offset_bottom = 724.0

[node name="CloseButton" type="Button" parent="Control/VBoxContainer2"]
layout_mode = 0
offset_left = 601.0
offset_top = 403.0
offset_right = 712.0
offset_bottom = 466.0
theme_override_font_sizes/font_size = 40
text = "Close"

[node name="Label" type="Label" parent="Control/VBoxContainer2"]
layout_mode = 0
offset_left = 290.0
offset_top = 170.0
offset_right = 493.0
offset_bottom = 212.0
theme_override_font_sizes/font_size = 30
text = "Music Volume"

[node name="MusicSlider" type="HSlider" parent="Control/VBoxContainer2"]
layout_mode = 0
offset_left = 522.0
offset_top = 184.0
offset_right = 530.0
offset_bottom = 200.0
min_value = -30.0
max_value = 0.0

[node name="SFXSlider" type="HSlider" parent="Control/VBoxContainer2"]
layout_mode = 0
offset_left = 525.0
offset_top = 291.0
offset_right = 533.0
offset_bottom = 307.0
min_value = -30.0
max_value = 0.0

[node name="Label2" type="Label" parent="Control/VBoxContainer2"]
layout_mode = 0
offset_left = 297.0
offset_top = 271.0
offset_right = 466.0
offset_bottom = 313.0
theme_override_font_sizes/font_size = 30
text = "SFX Volume"

[node name="CanvasLayer" type="CanvasLayer" parent="."]

[node name="WinPopup" type="Control" parent="CanvasLayer"]
layout_mode = 3
anchors_preset = 0
offset_right = 40.0
offset_bottom = 40.0
script = ExtResource("24_y6deb")

[node name="VBoxContainer" type="Panel" parent="CanvasLayer/WinPopup"]
layout_mode = 0
offset_right = 1284.0
offset_bottom = 724.0

[node name="TitleLabel" type="Label" parent="CanvasLayer/WinPopup/VBoxContainer"]
layout_mode = 1
anchors_preset = 8
anchor_left = 0.5
anchor_top = 0.5
anchor_right = 0.5
anchor_bottom = 0.5
offset_left = -91.0
offset_top = -223.0
offset_right = 118.0
offset_bottom = -124.0
grow_horizontal = 2
grow_vertical = 2
theme_override_font_sizes/font_size = 50
text = "You Win"
horizontal_alignment = 1
vertical_alignment = 1

[node name="SummaryLabel" type="Label" parent="CanvasLayer/WinPopup/VBoxContainer"]
unique_name_in_owner = true
layout_mode = 1
anchors_preset = 8
anchor_left = 0.5
anchor_top = 0.5
anchor_right = 0.5
anchor_bottom = 0.5
offset_left = -99.0
offset_top = -106.0
offset_right = 110.0
offset_bottom = -7.0
grow_horizontal = 2
grow_vertical = 2
theme_override_font_sizes/font_size = 50
horizontal_alignment = 1
vertical_alignment = 1

[node name="RestartButton" type="Button" parent="CanvasLayer/WinPopup/VBoxContainer"]
unique_name_in_owner = true
layout_mode = 0
offset_left = 571.0
offset_top = 407.0
offset_right = 736.0
offset_bottom = 478.0
theme_override_font_sizes/font_size = 45
text = "Restart"

[node name="QuitButton" type="Button" parent="CanvasLayer/WinPopup/VBoxContainer"]
unique_name_in_owner = true
layout_mode = 1
anchors_preset = 8
anchor_left = 0.5
anchor_top = 0.5
anchor_right = 0.5
anchor_bottom = 0.5
offset_left = -43.0
offset_top = 131.0
offset_right = 59.0
offset_bottom = 202.0
grow_horizontal = 2
grow_vertical = 2
theme_override_font_sizes/font_size = 45
text = "Quit"

[node name="GameOverUI" type="Control" parent="CanvasLayer"]
unique_name_in_owner = true
visible = false
layout_mode = 3
anchors_preset = 0
offset_right = 40.0
offset_bottom = 40.0
script = ExtResource("18_fuf3a")

[node name="VBoxContainer" type="Panel" parent="CanvasLayer/GameOverUI"]
layout_mode = 0
offset_right = 1284.0
offset_bottom = 724.0

[node name="TitleLabel" type="Label" parent="CanvasLayer/GameOverUI/VBoxContainer"]
layout_mode = 1
anchors_preset = 8
anchor_left = 0.5
anchor_top = 0.5
anchor_right = 0.5
anchor_bottom = 0.5
offset_left = -99.0
offset_top = -126.0
offset_right = 110.0
offset_bottom = -27.0
grow_horizontal = 2
grow_vertical = 2
theme_override_font_sizes/font_size = 50
text = "Game Over"
horizontal_alignment = 1
vertical_alignment = 1

[node name="Retry" type="Button" parent="CanvasLayer/GameOverUI/VBoxContainer"]
unique_name_in_owner = true
layout_mode = 0
offset_left = 563.0
offset_top = 370.0
offset_right = 728.0
offset_bottom = 441.0
theme_override_font_sizes/font_size = 45
text = "Restart"

[node name="Quit" type="Button" parent="CanvasLayer/GameOverUI/VBoxContainer"]
unique_name_in_owner = true
layout_mode = 1
anchors_preset = 8
anchor_left = 0.5
anchor_top = 0.5
anchor_right = 0.5
anchor_bottom = 0.5
offset_left = -43.0
offset_top = 131.0
offset_right = 59.0
offset_bottom = 202.0
grow_horizontal = 2
grow_vertical = 2
theme_override_font_sizes/font_size = 45
text = "Quit"

[node name="Floor" parent="." instance=ExtResource("18_yc10j")]
transform = Transform3D(1, 0, 0, 0, 1, 0, 0, 0, 1, -0.378261, 3.78608, 16.1134)

[node name="Floor3" parent="." instance=ExtResource("18_yc10j")]
transform = Transform3D(1, 0, 0, 0, 1, 0, 0, 0, 1, -0.378795, 3.79066, 18.0374)

[node name="Floor2" parent="." instance=ExtResource("18_yc10j")]
transform = Transform3D(1, 0, 0, 0, 0.969548, 0.244901, 0, -0.244901, 0.969548, -0.378261, 3.62552, 14.1421)

[node name="Floor32" parent="." instance=ExtResource("18_yc10j")]
transform = Transform3D(1, 0, 0, 0, 0.840935, 0.541136, 0, -0.541136, 0.840935, -0.378261, 2.94507, 12.3118)

[node name="Floor20" parent="." instance=ExtResource("18_yc10j")]
transform = Transform3D(1, 0, 0, 0, 1, 0, 0, 0, 1, -0.378261, 0.389154, -0.342083)

[node name="Floor21" parent="." instance=ExtResource("18_yc10j")]
transform = Transform3D(1, 0, 0, 0, 1, 0, 0, 0, 1, -0.378261, 0.389154, 1.58417)

[node name="Floor22" parent="." instance=ExtResource("18_yc10j")]
transform = Transform3D(1, 0, 0, 0, 1, 0, 0, 0, 1, -0.378261, 0.27578, -2.36928)

[node name="Floor23" parent="." instance=ExtResource("18_yc10j")]
transform = Transform3D(1, 0, 0, 0, 1, 0, 0, 0, 1, 1.60862, 0.389154, -0.342083)

[node name="Floor24" parent="." instance=ExtResource("18_yc10j")]
transform = Transform3D(1, 0, 0, 0, 1, 0, 0, 0, 1, 1.60862, 0.389154, 1.58417)

[node name="Floor25" parent="." instance=ExtResource("18_yc10j")]
transform = Transform3D(1, 0, 0, 0, 1, 0, 0, 0, 1, 1.60862, 0.302334, -2.36928)

[node name="Floor26" parent="." instance=ExtResource("18_yc10j")]
transform = Transform3D(1, 0, 0, 0, 1, 0, 0, 0, 1, 3.62503, 0.389154, -0.342083)

[node name="Floor27" parent="." instance=ExtResource("18_yc10j")]
transform = Transform3D(1, 0, 0, 0, 1, 0, 0, 0, 1, 3.62503, 0.389154, 1.58417)

[node name="Floor28" parent="." instance=ExtResource("18_yc10j")]
transform = Transform3D(1, 0, 0, 0, 1, 0, 0, 0, 1, 3.62503, 0.237052, -2.36928)

[node name="Floor29" parent="." instance=ExtResource("18_yc10j")]
transform = Transform3D(1, 0, 0, 0, 1, 0, 0, 0, 1, -2.39108, 0.389154, -0.342083)

[node name="Floor30" parent="." instance=ExtResource("18_yc10j")]
transform = Transform3D(1, 0, 0, 0, 1, 0, 0, 0, 1, -2.39108, 0.389154, 1.58417)

[node name="Floor31" parent="." instance=ExtResource("18_yc10j")]
